started_utc=2026-07-17T18:33:05.8411347Z
finished_utc=2026-07-17T18:34:15.1350274Z
elapsed_seconds=69.2938927
exit_code=0
device=
